0.0
0.0
0.0
0.0
0.012890625
0.0
0.012890625
0.02578125
0.02578125
0.038671874999999994
0.02578125
0.02578125
0.038671874999999994
0.0515625
0.038671874999999994
0.038671874999999994
0.0515625
0.07734374999999999
0.07734374999999999
0.07734374999999999
0.064453125
0.07734374999999999
0.07734374999999999
0.09023437499999999
0.07734374999999999
0.09023437499999999
0.09023437499999999
0.09023437499999999
0.09023437499999999
0.103125
0.116015625
0.103125
0.116015625
0.12890625
0.12890625
0.141796875
0.12890625
0.12890625
0.141796875
0.15468749999999998
0.15468749999999998
0.15468749999999998
0.141796875
0.15468749999999998
0.15468749999999998
0.167578125
0.18046874999999998
0.15468749999999998
0.167578125
0.18046874999999998
0.18046874999999998
0.193359375
0.193359375
0.193359375
0.193359375
0.20625
0.20625
0.20625
0.21914062499999998
0.20625
0.20625
0.23203125
0.21914062499999998
0.24492187499999998
0.23203125
0.23203125
0.24492187499999998
0.24492187499999998
0.24492187499999998
0.24492187499999998
0.24492187499999998
0.2578125
0.2578125
0.2578125
0.2578125
0.270703125
0.270703125
0.270703125
0.270703125
0.28359375
0.28359375
0.28359375
0.29648437499999997
0.29648437499999997
0.29648437499999997
0.30937499999999996
0.30937499999999996
0.29648437499999997
0.30937499999999996
0.322265625
0.322265625
0.322265625
0.322265625
0.322265625
0.33515625
0.33515625
0.348046875
0.33515625
0.348046875
0.348046875